{
  "cameras": [
    {
      "id": 0,
      "rotation": [
        [
          1.0,
          0.0,
          0.0
        ],
        [
          0.0,
          1.0,
          0.0
        ],
        [
          0.0,
          0.0,
          1.0
        ]
      ],
      "translation": [
        0.0,
        0.0,
        0.0
      ],
      "center": [
        0.0,
        0.0,
        0.0
      ]
    },
    {
      "id": 1,
      "rotation": [
        [
          0.9998895961632668,
          -0.013793694187865482,
          -0.005525349320266493
        ],
        [
          0.01382048919991491,
          0.9998927736424071,
          0.004841001546014301
        ],
        [
          0.005457981562295794,
          -0.004916830111476969,
          0.9999730172454258
        ]
      ],
      "translation": [
        -0.9880330423173721,
        0.024792213510253694,
        -0.15223683338252983
      ],
      "center": [
        0.9884122249893248,
        -0.03916670341118563,
        0.1466534787707161
      ]
    },
    {
      "id": 2,
      "rotation": [
        [
          0.9997323266407554,
          -0.01686119844530051,
          0.01584219228674386
        ],
        [
          0.017311979913347143,
          0.9994363662931743,
          -0.028761868544582136
        ],
        [
          -0.015348303519993214,
          0.029028429473262136,
          0.9994607445324574
        ]
      ],
      "translation": [
        -1.62706952300905,
        0.04816708588026027,
        -0.45914996744278885
      ],
      "center": [
        1.618752959159351,
        -0.062245876951291024,
        0.48606409195209693
      ]
    },
    {
      "id": 3,
      "rotation": [
        [
          0.9831439362830008,
          0.03326136773257319,
          -0.17978231828109614
        ],
        [
          -0.02734288733949935,
          0.9990026634503542,
          0.03529936162365945
        ],
        [
          0.18077711985178396,
          -0.029788585660567614,
          0.9830728727324525
        ]
      ],
      "translation": [
        -1.8333187421469777,
        0.07648141453979294,
        -1.100697234369412
      ],
      "center": [
        2.003488303175233,
        -0.048214661828497735,
        0.7497675534795074
      ]
    },
    {
      "id": 4,
      "rotation": [
        [
          0.911614666524267,
          0.09530783727918117,
          -0.399843864440877
        ],
        [
          -0.07653672463063167,
          0.9950936949284855,
          0.062695040444911
        ],
        [
          0.40385743717389205,
          -0.02655097863995394,
          0.9144365565596099
        ]
      ],
      "translation": [
        -1.539417906135353,
        0.12100649079240076,
        -1.7303868492732188
      ],
      "center": [
        2.11144697987425,
        -0.01963766900424426,
        0.9592156805524658
      ]
    },
    {
      "id": 5,
      "rotation": [
        [
          0.7907827844642271,
          0.1240381633001147,
          -0.599397298826194
        ],
        [
          -0.08241832888091948,
          0.9919118625880708,
          0.09653018140219491
        ],
        [
          0.6065227175131036,
          -0.026933081929072615,
          0.7946098427771466
        ]
      ],
      "translation": [
        -1.0658056733100914,
        0.09491519770471833,
        -2.1265366043528706
      ],
      "center": [
        2.14043629018134,
        -0.019221116981184068,
        1.0417636939367185
      ]
    },
    {
      "id": 6,
      "rotation": [
        [
          0.6267473043577453,
          0.23921181241485906,
          -0.7415966054948594
        ],
        [
          -0.17586760906911791,
          0.9705818886653813,
          0.16444263885943142
        ],
        [
          0.7591168556688831,
          0.027358841275531953,
          0.6503791918899685
        ]
      ],
      "translation": [
        -0.1587505252200641,
        0.1816582810659139,
        -2.3309102012019443
      ],
      "center": [
        1.9008774940886632,
        -0.07456823444675682,
        1.3683742752929318
      ]
    },
    {
      "id": 7,
      "rotation": [
        [
          0.4445746336534447,
          0.32545905129279773,
          -0.8345236971132081
        ],
        [
          -0.14388815382271347,
          0.9455055894080724,
          0.29208796549598615
        ],
        [
          0.8841094922583946,
          -0.009776826156033286,
          0.46717750306379063
        ]
      ],
      "translation": [
        0.8119539459911117,
        -0.21879530749985926,
        -2.8543983276911185
      ],
      "center": [
        2.131144475254511,
        -0.08529253100824406,
        2.0750129686020595
      ]
    },
    {
      "id": 8,
      "rotation": [
        [
          0.1314892626910535,
          0.38600196158459354,
          -0.9130788900471903
        ],
        [
          -0.23297564129271886,
          0.9073108004463968,
          0.35001351682122955
        ],
        [
          0.9635522426735404,
          0.16670212070086193,
          0.20923068272274437
        ]
      ],
      "translation": [
        1.955088190860368,
        -0.16999175552846252,
        -2.318968174915193
      ],
      "center": [
        1.9377699426571668,
        -0.21385560836898865,
        2.3298484618881083
      ]
    },
    {
      "id": 9,
      "rotation": [
        [
          0.2536286330131834,
          0.4481630793395774,
          -0.8572178082802128
        ],
        [
          -0.25118699226784585,
          0.8863088073859412,
          0.3890524294559073
        ],
        [
          0.9341186281363288,
          0.11664712712698183,
          0.33736602718964553
        ]
      ],
      "translation": [
        1.358881619730493,
        -0.6141301248712586,
        -0.3727114806781528
      ],
      "center": [
        -0.15075604954473748,
        -0.021215909133595758,
        1.5295265323852203
      ]
    },
    {
      "id": 10,
      "rotation": [
        [
          0.38329217954114425,
          0.4321757013313803,
          -0.8162789157397913
        ],
        [
          -0.19432707706121033,
          0.9017270037598568,
          0.38616757736909774
        ],
        [
          0.9029529845033163,
          0.01061008336448277,
          0.42960834943882675
        ]
      ],
      "translation": [
        0.7052178545036136,
        -0.7201285729930808,
        -0.9702370276797517
      ],
      "center": [
        0.4658334506170331,
        0.35487565533239174,
        1.2705667000874863
      ]
    },
    {
      "id": 11,
      "rotation": [
        [
          0.0670832106154571,
          0.4449588867087836,
          -0.8930349556385808
        ],
        [
          -0.22018450578497403,
          0.8795865380461834,
          0.4217182774082207
        ],
        [
          0.9731488202046741,
          0.16834224433222372,
          0.15697854155087865
        ]
      ],
      "translation": [
        1.154812729163553,
        -0.6760890024765791,
        -0.4705465346688581
      ],
      "center": [
        0.23157893665554594,
        0.16004745848263122,
        1.3902729326026444
      ]
    },
    {
      "id": 12,
      "rotation": [
        [
          -0.2812424873182139,
          0.46881415153066813,
          -0.8373266714082647
        ],
        [
          -0.04470495489301668,
          0.8651975035979838,
          0.4994344269029023
        ],
        [
          0.9585948728921293,
          0.1778948315505452,
          -0.22237198243601983
        ]
      ],
      "translation": [
        2.323261891842963,
        -1.2961071971464233,
        -2.0705167529736497
      ],
      "center": [
        2.580244283006389,
        0.40054488775140074,
        2.132224786892346
      ]
    },
    {
      "id": 13,
      "rotation": [
        [
          -0.11811466583401242,
          0.43813648866953103,
          -0.8911146632231193
        ],
        [
          -0.17125732335358543,
          0.8749616137233709,
          0.45289414183488863
        ],
        [
          0.9781205727887974,
          0.20610335224573284,
          -0.028311716309441806
        ]
      ],
      "translation": [
        1.5674860806024353,
        -0.8067909427741471,
        -0.862791634969923
      ],
      "center": [
        0.8908884854385704,
        0.19696250609042884,
        1.7377736104873966
      ]
    },
    {
      "id": 14,
      "rotation": [
        [
          -0.46499075859875344,
          0.37278788532441637,
          -0.8030023580121701
        ],
        [
          -0.14585407923073151,
          0.8623726989473753,
          0.4848091538760115
        ],
        [
          0.8732182899994201,
          0.3425529457843976,
          -0.34662270171603043
        ]
      ],
      "translation": [
        2.0149437138087674,
        -0.9743599846931472,
        -0.4438812356649861
      ],
      "center": [
        1.1824210411812484,
        0.24116766848311572,
        1.9365238800527202
      ]
    },
    {
      "id": 15,
      "rotation": [
        [
          -0.4857971584662386,
          0.3884976517562386,
          -0.7829883111554201
        ],
        [
          -0.10530183722314299,
          0.863257177359614,
          0.49365835231923616
        ],
        [
          0.867705390039476,
          0.3222679324987219,
          -0.37845836730007737
        ]
      ],
      "translation": [
        2.4858578176217856,
        -1.2257301236138076,
        -1.1271760543375955
      ],
      "center": [
        2.0566077680676256,
        0.4556230985629985,
        2.1249003184190762
      ]
    },
    {
      "id": 16,
      "rotation": [
        [
          -0.566265457533737,
          0.5321479933824917,
          -0.6294139692945295
        ],
        [
          0.06251164572121612,
          0.7891741782838682,
          0.6109798773111982
        ],
        [
          0.8218489677266332,
          0.3066310967090081,
          -0.48014752397330795
        ]
      ],
      "translation": [
        2.635496038877887,
        -1.9858375451289434,
        -1.572156621810032
      ],
      "center": [
        2.908603640103694,
        0.6467698933699544,
        2.1172576933126663
      ]
    },
    {
      "id": 17,
      "rotation": [
        [
          -0.7819893859367223,
          0.43715691790231387,
          -0.4442819255973146
        ],
        [
          0.1011067069086296,
          0.7923270278371342,
          0.6016604646948858
        ],
        [
          0.6150366119999692,
          0.42557221489298747,
          -0.6637908223308577
        ]
      ],
      "translation": [
        3.140663804600681,
        -1.8983200648506962,
        0.44673742643400616
      ],
      "center": [
        2.3731387772014503,
        -0.05899165016295391,
        2.8340244987780747
      ]
    },
    {
      "id": 18,
      "rotation": [
        [
          -0.8959450577000616,
          0.412778477350545,
          0.16400116529768555
        ],
        [
          0.3889984776935836,
          0.5509969627216694,
          0.7382970482289425
        ],
        [
          0.2143889874385056,
          0.7252697951160386,
          -0.6542332048722626
        ]
      ],
      "translation": [
        1.9121978791126675,
        -2.930126355868286,
        0.7819105580187733
      ],
      "center": [
        2.685405918217023,
        0.2580804833277274,
        2.3612528093172243
      ]
    },
    {
      "id": 19,
      "rotation": [
        [
          -0.8982046401397221,
          0.43636056893973313,
          0.053083691526350577
        ],
        [
          0.37962938776811644,
          0.7091534449544311,
          0.5941236567012521
        ],
        [
          0.2216076541419032,
          0.553796754580464,
          -0.8026202104618771
        ]
      ],
      "translation": [
        1.9017893546043363,
        -2.7857404467982794,
        1.221022371001866
      ],
      "center": [
        2.495157059880344,
        0.46945332348624313,
        2.5341375338166374
      ]
    },
    {
      "id": 20,
      "rotation": [
        [
          -0.894249451939748,
          0.3692610019574,
          0.2529115065371229
        ],
        [
          0.4461820177167682,
          0.7799533791487192,
          0.4388557091125599
        ],
        [
          -0.03520688528759325,
          0.5052910436450573,
          -0.8622305007597649
        ]
      ],
      "translation": [
        1.6002731229242706,
        -2.817563551114358,
        1.875217550187649
      ],
      "center": [
        2.7542101225891034,
        0.6591191228855501,
        2.4486461311361465
      ]
    },
    {
      "id": 21,
      "rotation": [
        [
          0.28539689598992385,
          0.07135268837943914,
          0.9557496563537669
        ],
        [
          -0.61888465699265,
          0.7751575712931751,
          0.12693510549078424
        ],
        [
          -0.7317994213569772,
          -0.6277256833425675,
          0.2653866488233729
        ]
      ],
      "translation": [
        -2.4231846978937264,
        0.35147570484423535,
        3.0230834449662183
      ],
      "center": [
        3.121383027963061,
        1.7981188101920447,
        1.4690573520487824
      ]
    },
    {
      "id": 22,
      "rotation": [
        [
          -0.2746364823052155,
          0.06059375495142988,
          0.9596370144215484
        ],
        [
          -0.32270033121834213,
          0.9343223232846694,
          -0.15134824889475834
        ],
        [
          -0.905781043530162,
          -0.35124093308272525,
          -0.23704537141354848
        ]
      ],
      "translation": [
        -0.8098641815413278,
        -0.19716690000728823,
        3.974194745288581
      ],
      "center": [
        3.313706189678429,
        1.6291900184375259,
        1.689399249671864
      ]
    },
    {
      "id": 23,
      "rotation": [
        [
          0.3010206207731049,
          0.494560345818563,
          0.8153506302280007
        ],
        [
          -0.6390633068404179,
          0.7392307952217998,
          -0.21245216225290653
        ],
        [
          -0.7078027096017396,
          -0.4571081882219665,
          0.5385790829032135
        ]
      ],
      "translation": [
        -3.0778784609377947,
        1.0294066836577018,
        2.335847020029422
      ],
      "center": [
        3.2376797743095564,
        1.8289623139513123,
        1.4702114728218416
      ]
    },
    {
      "id": 24,
      "rotation": [
        [
          0.16456650077857,
          0.33138210470227436,
          0.9290337816810473
        ],
        [
          -0.49408907315747264,
          0.8428826970930614,
          -0.21313082068888084
        ],
        [
          -0.853694239530692,
          -0.4239512467539364,
          0.30244253300072776
        ]
      ],
      "translation": [
        -2.5531888224794597,
        0.4300639391349351,
        2.979037596114147
      ],
      "center": [
        3.1758464785760414,
        1.7465543357544868,
        1.5626708709172328
      ]
    },
    {
      "id": 25,
      "rotation": [
        [
          0.5281247283173471,
          0.6598079305397453,
          0.5345444472974974
        ],
        [
          -0.5531165850005122,
          0.7449286940686344,
          -0.3730191471634802
        ],
        [
          -0.6443184885886013,
          -0.09866476346729652,
          0.7583659734671928
        ]
      ],
      "translation": [
        -3.6467229983523963,
        1.0067055060019505,
        1.1138209073209977
      ],
      "center": [
        3.2004055078979423,
        1.7661078132626087,
        1.4801720822463813
      ]
    },
    {
      "id": 26,
      "rotation": [
        [
          0.5447735429085391,
          0.6825616726483333,
          0.4871666552406759
        ],
        [
          -0.5795807397436582,
          0.7263200857428629,
          -0.3695203636671114
        ],
        [
          -0.6060593643077155,
          -0.08104749273105058,
          0.7912795655499629
        ]
      ],
      "translation": [
        -3.635492577009721,
        1.112079398413175,
        1.0579860585698417
      ],
      "center": [
        3.2662623298845346,
        1.7594694076475186,
        1.3448639938394082
      ]
    },
    {
      "id": 27,
      "rotation": [
        [
          0.6157514090783437,
          0.7573479762749801,
          0.21742641295442122
        ],
        [
          -0.6779854680190086,
          0.649855185722049,
          -0.34354612899173714
        ],
        [
          -0.4014796475203697,
          0.06412706466347512,
          0.9136201684532617
        ]
      ],
      "translation": [
        -3.4850080915543913,
        1.5100372303006644,
        -0.24090241160002568
      ],
      "center": [
        3.072964526039584,
        1.6735066652226638,
        1.4965935554338146
      ]
    },
    {
      "id": 28,
      "rotation": [
        [
          0.6885200348811152,
          0.7093062597677796,
          0.15107875900188933
        ],
        [
          -0.616268911688494,
          0.6820652868515672,
          -0.3936998513568025
        ],
        [
          -0.38229934613282684,
          0.17796509299953298,
          0.9067390118551648
        ]
      ],
      "translation": [
        -3.6605486943323133,
        1.335213855671642,
        -0.40835540681656624
      ],
      "center": [
        3.1870978993960883,
        1.7584200895487894,
        1.4489764285757478
      ]
    }
  ]
}